mouse,667,605,1711096259.1074944
mouse,667,605,1711096259.1501613
mouse,668,605,1711096261.4999475
mouse,668,605,1711096261.506874
mouse,669,605,1711096261.5113947
mouse,669,605,1711096261.5123944
mouse,669,605,1711096261.5148096
mouse,670,605,1711096261.5163212
mouse,670,605,1711096261.5181665
mouse,671,605,1711096261.520083
mouse,671,606,1711096261.5220888
mouse,672,606,1711096261.5245938
mouse,673,606,1711096261.5256615
mouse,673,606,1711096261.5266685
mouse,674,606,1711096261.527668
mouse,675,606,1711096261.5286682
mouse,676,606,1711096261.5296695
mouse,676,607,1711096261.5306683
mouse,677,607,1711096261.5321505
mouse,677,607,1711096261.5335333
mouse,678,607,1711096261.5349534
mouse,679,607,1711096261.5357654
mouse,689,610,1711096261.5473194
mouse,690,610,1711096261.5486505
mouse,692,610,1711096261.549944
mouse,695,610,1711096261.5509498
mouse,695,611,1711096261.5519493
mouse,696,611,1711096261.55302
mouse,699,612,1711096261.554029
mouse,700,612,1711096261.5550277
mouse,702,612,1711096261.5555341
mouse,706,613,1711096261.558061
mouse,707,613,1711096261.558061
mouse,708,613,1711096261.5595589
mouse,712,614,1711096261.5607011
mouse,714,615,1711096261.5617142
mouse,714,615,1711096261.562905
mouse,717,615,1711096261.5639112
mouse,720,616,1711096261.5654662
mouse,721,616,1711096261.566478
mouse,723,616,1711096261.5676405
mouse,730,618,1711096261.5686467
mouse,734,619,1711096261.569649
mouse,736,619,1711096261.5706472
mouse,738,619,1711096261.5717025
mouse,743,620,1711096261.573713
mouse,745,621,1711096261.5747097
mouse,746,621,1711096261.5747097
mouse,751,623,1711096261.5768874
mouse,753,623,1711096261.5774364
mouse,759,624,1711096261.5774364
mouse,762,624,1711096261.5787113
mouse,765,625,1711096261.579722
mouse,769,625,1711096261.5807164
mouse,773,626,1711096261.5817163
mouse,776,627,1711096261.5831532
mouse,780,628,1711096261.5846293
mouse,782,628,1711096261.5856354
mouse,786,628,1711096261.588761
mouse,792,629,1711096261.5897865
mouse,812,634,1711096261.591202
mouse,821,635,1711096261.5922117
mouse,824,636,1711096261.5922117
mouse,828,636,1711096261.5933495
mouse,833,637,1711096261.5948546
mouse,839,638,1711096261.595861
mouse,842,639,1711096261.5969257
mouse,848,640,1711096261.5979323
mouse,853,642,1711096261.5999744
mouse,856,642,1711096261.6013153
mouse,868,645,1711096261.6023722
mouse,871,645,1711096261.6023722
mouse,880,648,1711096261.60399
mouse,885,648,1711096261.605042
mouse,891,649,1711096261.6055572
mouse,894,650,1711096261.6065605
mouse,901,651,1711096261.607563
mouse,905,652,1711096261.6085627
mouse,908,653,1711096261.6095629
mouse,918,655,1711096261.6115615
mouse,923,656,1711096261.6115615
mouse,929,657,1711096261.6125643
mouse,932,658,1711096261.6135612
mouse,940,659,1711096261.6145625
mouse,946,660,1711096261.6157951
mouse,952,660,1711096261.616935
mouse,955,661,1711096261.6179667
mouse,963,663,1711096261.618965
mouse,970,664,1711096261.620967
mouse,975,665,1711096261.620967
mouse,987,667,1711096261.6224008
mouse,995,669,1711096261.623406
mouse,1001,670,1711096261.6249275
mouse,1006,671,1711096261.6264458
mouse,1016,672,1711096261.6274543
mouse,1019,672,1711096261.6284525
mouse,1026,674,1711096261.6298943
mouse,1032,675,1711096261.6309047
mouse,1047,677,1711096261.631903
mouse,1050,678,1711096261.632906
mouse,1058,679,1711096261.6339755
mouse,1066,680,1711096261.6349783
mouse,1072,681,1711096261.6365895
mouse,1080,682,1711096261.6375985
mouse,1090,683,1711096261.638595
mouse,1098,684,1711096261.6395962
mouse,1106,685,1711096261.640957
mouse,1112,686,1711096261.640957
mouse,1120,687,1711096261.6424394
mouse,1127,688,1711096261.6434474
mouse,1135,690,1711096261.644955
mouse,1138,690,1711096261.6454756
mouse,1148,692,1711096261.6469011
mouse,1152,693,1711096261.6469011
mouse,1161,694,1711096261.6482935
mouse,1164,695,1711096261.6494856
mouse,1173,696,1711096261.6505125
mouse,1182,697,1711096261.651773
mouse,1190,698,1711096261.652778
mouse,1196,699,1711096261.653778
mouse,1204,701,1711096261.6552827
mouse,1210,701,1711096261.6557882
mouse,1218,703,1711096261.6574492
mouse,1230,705,1711096261.6593852
mouse,1239,706,1711096261.6593852
mouse,1247,708,1711096261.6608737
mouse,1254,709,1711096261.663017
mouse,1266,712,1711096261.6640246
mouse,1274,713,1711096261.6655266
mouse,1283,715,1711096261.6655266
mouse,1291,716,1711096261.666532
mouse,1295,717,1711096261.6706913
mouse,1304,719,1711096261.672768
mouse,1349,727,1711096261.672768
mouse,1357,729,1711096261.6738079
mouse,1365,730,1711096261.6748123
mouse,1369,731,1711096261.6758208
mouse,1378,733,1711096261.676988
mouse,1386,734,1711096261.6780539
mouse,1393,736,1711096261.6790597
mouse,1397,737,1711096261.6790597
mouse,1405,738,1711096261.6811626
mouse,1410,739,1711096261.6825254
mouse,1418,741,1711096261.6835318
mouse,1424,742,1711096261.6835318
mouse,1433,743,1711096261.6850374
mouse,1437,744,1711096261.6855545
mouse,1446,746,1711096261.6865602
mouse,1450,747,1711096261.6875587
mouse,1458,748,1711096261.6885624
mouse,1464,750,1711096261.6908855
mouse,1468,751,1711096261.6918864
mouse,1473,752,1711096261.6928873
mouse,1483,753,1711096261.6938853
mouse,1491,755,1711096261.6955388
mouse,1495,755,1711096261.6955388
mouse,1501,757,1711096261.6966996
mouse,1506,758,1711096261.6977065
mouse,1511,759,1711096261.6989808
mouse,1516,760,1711096261.6999881
mouse,1521,761,1711096261.700989
mouse,1525,762,1711096261.7029872
mouse,1527,763,1711096261.7056532
mouse,1531,763,1711096261.7069776
mouse,1558,768,1711096261.7081451
mouse,1563,768,1711096261.709285
mouse,1565,769,1711096261.709285
mouse,1569,770,1711096261.7107072
mouse,1571,771,1711096261.7117116
mouse,1576,772,1711096261.712718
mouse,1578,772,1711096261.7146497
mouse,1583,772,1711096261.7156556
mouse,1583,773,1711096261.7167711
mouse,1589,775,1711096261.717278
mouse,1593,775,1711096261.7183778
mouse,1595,775,1711096261.7196772
mouse,1598,776,1711096261.7209032
mouse,1602,777,1711096261.722962
mouse,1604,778,1711096261.724078
mouse,1608,778,1711096261.7245824
mouse,1610,779,1711096261.7255876
mouse,1611,779,1711096261.7267337
mouse,1614,780,1711096261.72784
mouse,1617,781,1711096261.728838
mouse,1619,781,1711096261.7298367
mouse,1619,781,1711096261.7308366
mouse,1622,782,1711096261.7328367
mouse,1625,783,1711096261.7338357
mouse,1628,784,1711096261.7348366
mouse,1630,784,1711096261.7358813
mouse,1630,785,1711096261.7369332
mouse,1632,785,1711096261.737447
mouse,1633,785,1711096261.741216
mouse,1636,786,1711096261.7427058
mouse,1643,789,1711096261.743712
mouse,1644,789,1711096261.748113
mouse,1651,791,1711096261.7491145
mouse,1651,791,1711096261.7501125
mouse,1652,792,1711096261.7511168
mouse,1653,792,1711096261.7525418
mouse,1655,793,1711096261.7525418
mouse,1656,793,1711096261.7546086
mouse,1657,794,1711096261.7556174
mouse,1658,794,1711096261.7568278
mouse,1660,795,1711096261.7593465
mouse,1660,796,1711096261.7593465
mouse,1661,796,1711096261.7603474
mouse,1662,796,1711096261.762348
mouse,1662,796,1711096261.762348
mouse,1663,797,1711096261.7636235
mouse,1664,797,1711096261.7656338
mouse,1665,797,1711096261.7656338
mouse,1665,798,1711096261.7669532
mouse,1666,798,1711096261.768376
mouse,1666,799,1711096261.7693806
mouse,1667,799,1711096261.770462
mouse,1667,800,1711096261.7714698
mouse,1668,800,1711096261.772471
mouse,1668,800,1711096261.7734697
mouse,1669,800,1711096261.7746155
mouse,1669,801,1711096261.7756248
mouse,1670,801,1711096261.7767663
mouse,1671,802,1711096261.7777712
mouse,1671,802,1711096261.779773
mouse,1672,802,1711096261.780773
mouse,1672,803,1711096261.7817738
mouse,1672,804,1711096261.782773
mouse,1673,804,1711096261.7837741
mouse,1673,804,1711096261.7847726
mouse,1674,804,1711096261.7864916
mouse,1674,805,1711096261.787886
mouse,1675,805,1711096261.7889729
mouse,1675,805,1711096261.7902124
mouse,1675,806,1711096261.7902124
mouse,1676,806,1711096261.7913823
mouse,1676,806,1711096261.7923892
mouse,1676,807,1711096261.7935586
mouse,1677,807,1711096261.7977397
mouse,1679,809,1711096261.7987397
mouse,1680,810,1711096261.8007567
mouse,1680,810,1711096261.802065
mouse,1681,811,1711096261.8031347
mouse,1681,811,1711096261.804138
mouse,1681,811,1711096261.804662
mouse,1682,812,1711096261.8067226
mouse,1682,812,1711096261.8067226
mouse,1683,812,1711096261.8081956
mouse,1684,813,1711096261.809562
mouse,1684,813,1711096261.809562
mouse,1685,814,1711096261.8110194
mouse,1685,814,1711096261.8120255
mouse,1686,815,1711096261.813387
mouse,1686,815,1711096261.813387
mouse,1687,815,1711096261.814891
mouse,1688,816,1711096261.8158946
mouse,1688,816,1711096261.8175693
mouse,1689,816,1711096261.818756
mouse,1689,817,1711096261.818756
mouse,1690,818,1711096261.8202574
mouse,1692,819,1711096261.8212647
mouse,1692,819,1711096261.8236282
mouse,1693,820,1711096261.8246334
mouse,1694,821,1711096261.825639
mouse,1696,822,1711096261.8267248
mouse,1696,822,1711096261.8277266
mouse,1698,823,1711096261.8294554
mouse,1698,823,1711096261.831472
mouse,1700,824,1711096261.832516
mouse,1702,826,1711096261.8337915
mouse,1702,826,1711096261.8347907
mouse,1704,827,1711096261.8357067
mouse,1705,827,1711096261.836839
mouse,1706,828,1711096261.8379977
mouse,1707,830,1711096261.8400068
mouse,1709,831,1711096261.8410065
mouse,1709,831,1711096261.8420024
mouse,1711,831,1711096261.8440077
mouse,1713,833,1711096261.8450081
mouse,1714,833,1711096261.845513
mouse,1715,835,1711096261.8465211
mouse,1716,835,1711096261.847518
mouse,1717,836,1711096261.8485208
mouse,1719,837,1711096261.8497014
mouse,1719,837,1711096261.8507073
mouse,1720,838,1711096261.8517094
mouse,1721,838,1711096261.852763
mouse,1722,839,1711096261.855011
mouse,1724,840,1711096261.8555305
mouse,1726,842,1711096261.856659
mouse,1728,842,1711096261.8581865
mouse,1728,843,1711096261.8591967
mouse,1730,844,1711096261.8601944
mouse,1730,844,1711096261.8601944
mouse,1731,844,1711096261.8613691
mouse,1733,846,1711096261.8633747
mouse,1733,846,1711096261.8633747
mouse,1735,846,1711096261.8655195
mouse,1735,847,1711096261.8665295
mouse,1738,849,1711096261.867531
mouse,1739,849,1711096261.86853
mouse,1741,850,1711096261.8695292
mouse,1741,851,1711096261.8709223
mouse,1742,851,1711096261.8719718
mouse,1744,852,1711096261.8729668
mouse,1745,853,1711096261.8729668
mouse,1746,853,1711096261.8748636
mouse,1747,854,1711096261.8755536
mouse,1748,855,1711096261.8766582
mouse,1750,855,1711096261.8789754
mouse,1751,856,1711096261.8799744
mouse,1752,857,1711096261.881314
mouse,1753,857,1711096261.8824387
mouse,1754,858,1711096261.8835819
mouse,1756,858,1711096261.884586
mouse,1756,859,1711096261.8855946
mouse,1758,860,1711096261.8870795
mouse,1759,861,1711096261.888086
mouse,1760,861,1711096261.8890905
mouse,1761,862,1711096261.8905306
mouse,1762,862,1711096261.8915367
mouse,1763,863,1711096261.8925376
mouse,1764,864,1711096261.8937366
mouse,1766,865,1711096261.894741
mouse,1767,866,1711096261.8957849
mouse,1768,866,1711096261.896881
mouse,1769,866,1711096261.8977902
mouse,1770,867,1711096261.898792
mouse,1770,868,1711096261.8997917
mouse,1771,868,1711096261.9007914
mouse,1772,869,1711096261.901792
mouse,1773,869,1711096261.902794
mouse,1774,871,1711096261.9048228
mouse,1776,871,1711096261.9058297
mouse,1777,872,1711096261.9070203
mouse,1778,872,1711096261.9084604
mouse,1778,873,1711096261.9084604
mouse,1779,874,1711096261.910945
mouse,1780,874,1711096261.910945
mouse,1781,875,1711096261.9119442
mouse,1781,875,1711096261.9129448
mouse,1782,876,1711096261.9139466
mouse,1782,876,1711096261.9156141
mouse,1783,876,1711096261.9167156
mouse,1785,878,1711096261.9186203
mouse,1785,878,1711096261.91962
mouse,1786,879,1711096261.9207995
mouse,1788,880,1711096261.92181
mouse,1788,880,1711096261.9228098
mouse,1789,881,1711096261.9240768
mouse,1789,881,1711096261.9282334
mouse,1791,883,1711096261.9292445
mouse,1792,884,1711096261.931239
mouse,1793,884,1711096261.932242
mouse,1793,884,1711096261.9332392
mouse,1794,885,1711096261.9347935
mouse,1794,885,1711096261.9358044
mouse,1794,885,1711096261.9369469
mouse,1795,886,1711096261.9379842
mouse,1795,887,1711096261.9389832
mouse,1795,887,1711096261.939987
mouse,1796,887,1711096261.940984
mouse,1796,888,1711096261.942984
mouse,1796,888,1711096261.9441304
mouse,1796,888,1711096261.9471338
mouse,1798,890,1711096261.949631
mouse,1798,890,1711096261.952638
mouse,1798,890,1711096261.954638
mouse,1798,890,Button.left,pressed,1711096261.9558184
mouse,1798,891,1711096261.9569626
mouse,1798,891,1711096261.9585788
mouse,1798,892,1711096261.9634378
mouse,1799,892,1711096261.9694796
mouse,1799,892,1711096261.981103
mouse,1799,892,Button.left,released,1711096262.0576322
mouse,1799,892,1711096262.171644
mouse,1799,892,1711096262.1884854
mouse,1798,892,1711096262.197509
mouse,1798,892,1711096262.2040265
mouse,1797,892,1711096262.208842
mouse,1796,892,1711096262.2216737
mouse,1795,892,1711096262.2245824
mouse,1795,892,1711096262.2293282
mouse,1794,892,1711096262.2349143
mouse,1794,892,1711096262.2401311
mouse,1793,892,1711096262.2449355
mouse,1793,892,1711096262.2504692
mouse,1792,892,1711096262.2554586
mouse,1792,892,1711096262.2574666
mouse,1791,892,1711096262.2631378
mouse,1791,892,1711096262.2746177
mouse,1791,892,1711096262.2908342
mouse,1790,892,1711096262.298502
mouse,1790,892,1711096262.3174841
mouse,1790,891,1711096262.3265202
mouse,1789,891,1711096262.3275206
mouse,1789,891,1711096262.3356776
mouse,1788,891,1711096262.3449187
mouse,1787,891,1711096262.3529162
mouse,1787,891,1711096262.3625154
mouse,1786,891,1711096262.3687057
mouse,1786,891,1711096262.3775098
mouse,1785,891,1711096262.384566
mouse,1785,891,1711096262.3913689
mouse,1784,891,1711096262.3978288
mouse,1783,891,1711096262.4028318
mouse,1783,891,1711096262.406882
mouse,1782,891,1711096262.4113026
mouse,1782,891,1711096262.4127347
mouse,1782,891,1711096262.4156654
mouse,1781,891,1711096262.4182906
mouse,1781,891,1711096262.4221063
mouse,1780,891,1711096262.4249423
mouse,1779,891,1711096262.4283323
mouse,1779,891,1711096262.4306881
mouse,1778,890,1711096262.4346497
mouse,1778,890,1711096262.4368706
mouse,1777,890,1711096262.4399111
mouse,1777,890,1711096262.4426582
mouse,1776,890,1711096262.4457738
mouse,1775,890,1711096262.4479365
mouse,1775,889,1711096262.4492252
mouse,1775,889,1711096262.4503944
mouse,1774,889,1711096262.4513867
mouse,1774,889,1711096262.453387
mouse,1773,889,1711096262.4564037
mouse,1773,889,1711096262.4578462
mouse,1772,889,1711096262.458865
mouse,1772,889,1711096262.4598727
mouse,1771,889,1711096262.460881
mouse,1771,889,1711096262.4633484
mouse,1770,889,1711096262.4648538
mouse,1770,889,1711096262.4669795
mouse,1769,889,1711096262.4682813
mouse,1769,888,1711096262.4707682
mouse,1768,888,1711096262.47295
mouse,1767,888,1711096262.4749587
mouse,1767,888,1711096262.476472
mouse,1766,888,1711096262.4804833
mouse,1766,888,1711096262.4814832
mouse,1765,888,1711096262.4834862
mouse,1765,888,1711096262.4849954
mouse,1765,888,1711096262.486639
mouse,1764,888,1711096262.4876466
mouse,1763,888,1711096262.4901388
mouse,1763,888,1711096262.492499
mouse,1762,888,1711096262.4950228
mouse,1762,888,1711096262.4965503
mouse,1761,888,1711096262.4995484
mouse,1761,887,1711096262.5015485
mouse,1760,887,1711096262.5047295
mouse,1760,887,1711096262.506925
mouse,1759,887,1711096262.5114062
mouse,1758,887,1711096262.513412
mouse,1758,887,1711096262.5182886
mouse,1757,887,1711096262.5214646
mouse,1757,887,1711096262.5254877
mouse,1757,887,1711096262.529278
mouse,1756,887,1711096262.539039
mouse,1756,887,1711096262.5967019
mouse,1755,887,1711096262.616366
mouse,1754,887,1711096262.6445434
mouse,1754,886,1711096262.645549
mouse,1754,886,1711096262.6664257
mouse,1754,885,1711096262.7070546
mouse,1753,885,1711096262.7404814
mouse,1753,885,1711096262.7632594
mouse,1753,885,1711096262.7632594
