key,Key.f2,pressed,1708709688.7878969
mouse,2346,740,1708709688.81859
mouse,2345,740,1708709688.8335202
mouse,2345,740,1708709688.8449419
mouse,2345,739,1708709688.8471444
mouse,2344,739,1708709688.8545153
key,Key.f2,released,1708709688.8705668
mouse,2344,739,1708709689.6701458
mouse,2344,739,1708709689.7370572
mouse,2343,739,1708709689.7410555
mouse,2343,739,1708709689.754583
mouse,2343,739,1708709689.755582
mouse,2342,739,1708709689.765459
mouse,2342,740,1708709689.7748017
mouse,2341,740,1708709689.7768042
mouse,2341,740,1708709689.7982392
mouse,2341,740,1708709689.8027623
mouse,2340,740,1708709689.952856
mouse,2340,740,1708709689.957251
mouse,2339,741,1708709689.959262
mouse,2339,741,1708709689.9612615
mouse,2334,743,1708709689.9714751
mouse,2333,743,1708709689.9729497
mouse,2333,743,1708709689.9743452
mouse,2332,743,1708709689.9756188
mouse,2332,743,1708709689.9766252
mouse,2330,744,1708709689.9776242
mouse,2330,744,1708709689.9776242
mouse,2329,744,1708709689.9790394
mouse,2329,744,1708709689.9805062
mouse,2328,744,1708709689.981898
mouse,2327,744,1708709689.982906
mouse,2326,745,1708709689.982906
mouse,2325,745,1708709689.9853845
mouse,2324,746,1708709689.9867945
mouse,2324,746,1708709689.9878056
mouse,2321,746,1708709689.9898016
mouse,2320,746,1708709689.9911923
mouse,2318,747,1708709689.9911923
mouse,2318,747,1708709689.9927003
mouse,2317,748,1708709689.9937193
mouse,2316,748,1708709689.9947197
mouse,2315,748,1708709689.9967191
mouse,2313,748,1708709689.9977236
mouse,2312,749,1708709689.9987214
mouse,2311,749,1708709690.0011866
mouse,2309,749,1708709690.0026953
mouse,2307,749,1708709690.0037043
mouse,2305,750,1708709690.0051956
mouse,2304,751,1708709690.0072105
mouse,2301,751,1708709690.00821
mouse,2300,751,1708709690.009461
mouse,2297,752,1708709690.0106828
mouse,2296,752,1708709690.0126913
mouse,2295,753,1708709690.0140178
mouse,2292,753,1708709690.01503
mouse,2290,753,1708709690.0160394
mouse,2289,753,1708709690.017451
mouse,2287,754,1708709690.017451
mouse,2284,755,1708709690.020167
mouse,2282,756,1708709690.020167
mouse,2280,756,1708709690.0215516
mouse,2278,756,1708709690.022801
mouse,2278,756,1708709690.024971
mouse,2274,757,1708709690.02612
mouse,2273,757,1708709690.0281317
mouse,2269,758,1708709690.029133
mouse,2267,758,1708709690.0301313
mouse,2264,759,1708709690.0317967
mouse,2262,759,1708709690.0328214
mouse,2257,761,1708709690.0342429
mouse,2256,761,1708709690.0354652
mouse,2255,761,1708709690.0369093
mouse,2249,762,1708709690.038233
mouse,2249,762,1708709690.038233
mouse,2247,762,1708709690.0402389
mouse,2245,763,1708709690.0412407
mouse,2243,764,1708709690.0427525
mouse,2240,764,1708709690.0437596
mouse,2239,764,1708709690.0447605
mouse,2237,764,1708709690.0457656
mouse,2234,765,1708709690.0467663
mouse,2231,765,1708709690.0477676
mouse,2230,766,1708709690.0487664
mouse,2228,766,1708709690.0498774
mouse,2227,766,1708709690.0508869
mouse,2224,766,1708709690.0518866
mouse,2223,766,1708709690.0528865
mouse,2221,766,1708709690.0533922
mouse,2219,767,1708709690.054761
mouse,2217,767,1708709690.0557709
mouse,2214,768,1708709690.05777
mouse,2211,768,1708709690.0587692
mouse,2209,768,1708709690.06077
mouse,2205,769,1708709690.0617723
mouse,2203,769,1708709690.0632818
mouse,2201,769,1708709690.0642924
mouse,2197,769,1708709690.065297
mouse,2195,769,1708709690.066296
mouse,2193,769,1708709690.0672975
mouse,2189,770,1708709690.069302
mouse,2187,770,1708709690.0703006
mouse,2185,771,1708709690.0713696
mouse,2183,771,1708709690.0713696
mouse,2180,771,1708709690.0738542
mouse,2178,771,1708709690.075111
mouse,2175,772,1708709690.0763228
mouse,2171,772,1708709690.0776048
mouse,2169,772,1708709690.0786126
mouse,2166,772,1708709690.0799863
mouse,2164,772,1708709690.0799863
mouse,2162,772,1708709690.082082
mouse,2158,772,1708709690.0830817
mouse,2156,772,1708709690.0846343
mouse,2155,772,1708709690.0856397
mouse,2153,773,1708709690.0868175
mouse,2151,773,1708709690.0880203
mouse,2146,773,1708709690.089027
mouse,2144,773,1708709690.0900307
mouse,2142,773,1708709690.0910723
mouse,2141,773,1708709690.0928397
mouse,2137,773,1708709690.0938478
mouse,2136,773,1708709690.0948672
mouse,2134,773,1708709690.0958655
mouse,2132,773,1708709690.097949
mouse,2131,773,1708709690.0989563
mouse,2129,773,1708709690.0989563
mouse,2126,773,1708709690.1002355
mouse,2125,773,1708709690.1013517
mouse,2124,773,1708709690.103664
mouse,2120,773,1708709690.1049721
mouse,2118,773,1708709690.1049721
mouse,2117,773,1708709690.1063008
mouse,2116,773,1708709690.1085043
mouse,2115,773,1708709690.1085043
mouse,2114,773,1708709690.1111434
mouse,2113,773,1708709690.1111434
mouse,2111,773,1708709690.113688
mouse,2110,773,1708709690.113688
mouse,2109,773,1708709690.115779
mouse,2108,773,1708709690.1171649
mouse,2107,773,1708709690.1181726
mouse,2105,773,1708709690.1192882
mouse,2105,773,1708709690.1207755
mouse,2103,772,1708709690.121881
mouse,2103,772,1708709690.1228864
mouse,2102,772,1708709690.1238947
mouse,2101,772,1708709690.1253352
mouse,2100,772,1708709690.126347
mouse,2099,772,1708709690.1273437
mouse,2098,772,1708709690.129351
mouse,2097,772,1708709690.129351
mouse,2096,772,1708709690.1306539
mouse,2095,772,1708709690.1317782
mouse,2095,772,1708709690.1327844
mouse,2094,772,1708709690.1338298
mouse,2094,772,1708709690.1348865
mouse,2093,772,1708709690.1358917
mouse,2092,772,1708709690.1369755
mouse,2092,771,1708709690.1384087
mouse,2091,771,1708709690.1408408
mouse,2091,771,1708709690.141849
mouse,2090,771,1708709690.1442635
mouse,2090,771,1708709690.1462753
mouse,2089,771,1708709690.1514711
mouse,2088,771,1708709690.1785872
mouse,2088,771,1708709690.182071
mouse,2087,771,1708709690.1830747
mouse,2087,771,1708709690.1860385
mouse,2086,771,1708709690.188242
mouse,2086,771,1708709690.188242
mouse,2085,771,1708709690.1902108
mouse,2084,771,1708709690.1912289
mouse,2084,771,1708709690.192736
mouse,2083,771,1708709690.193813
mouse,2082,771,1708709690.1948214
mouse,2082,771,1708709690.1958225
mouse,2080,771,1708709690.1971583
mouse,2080,771,1708709690.1981647
mouse,2079,771,1708709690.1991673
mouse,2078,771,1708709690.2001684
mouse,2075,771,1708709690.203004
mouse,2075,771,1708709690.2043264
mouse,2072,771,1708709690.2053392
mouse,2069,771,1708709690.2063365
mouse,2068,771,1708709690.2077155
mouse,2067,771,1708709690.2091103
mouse,2065,771,1708709690.2101207
mouse,2064,771,1708709690.2111177
mouse,2063,771,1708709690.212626
mouse,2059,771,1708709690.2139704
mouse,2055,771,1708709690.214981
mouse,2053,771,1708709690.2159886
mouse,2052,771,1708709690.2173545
mouse,2050,771,1708709690.218633
mouse,2049,771,1708709690.2196362
mouse,2045,771,1708709690.2206383
mouse,2043,771,1708709690.2219574
mouse,2040,771,1708709690.223971
mouse,2038,771,1708709690.223971
mouse,2035,771,1708709690.2254307
mouse,2033,771,1708709690.2264977
mouse,2025,771,1708709690.2285001
mouse,2022,771,1708709690.2294977
mouse,2018,771,1708709690.2308574
mouse,2014,771,1708709690.2318678
mouse,2009,771,1708709690.2328682
mouse,2005,771,1708709690.234119
mouse,2002,771,1708709690.2356014
mouse,2001,771,1708709690.2356014
mouse,1998,771,1708709690.2369773
mouse,1989,770,1708709690.2384055
mouse,1985,770,1708709690.2394195
mouse,1983,770,1708709690.240426
mouse,1979,769,1708709690.241513
mouse,1976,769,1708709690.2430265
mouse,1970,768,1708709690.2430265
mouse,1962,768,1708709690.2454944
mouse,1958,767,1708709690.246674
mouse,1956,767,1708709690.2476811
mouse,1943,766,1708709690.2486823
mouse,1942,766,1708709690.2500634
mouse,1934,766,1708709690.2510767
mouse,1929,765,1708709690.2525952
mouse,1927,765,1708709690.2525952
mouse,1920,764,1708709690.2540731
mouse,1906,763,1708709690.2555408
mouse,1905,763,1708709690.2568088
mouse,1897,762,1708709690.257977
mouse,1890,762,1708709690.260317
mouse,1883,762,1708709690.260317
mouse,1882,761,1708709690.261318
mouse,1877,761,1708709690.2628233
mouse,1867,761,1708709690.264259
mouse,1862,760,1708709690.2652667
mouse,1861,760,1708709690.2662673
mouse,1853,759,1708709690.2672672
mouse,1849,759,1708709690.2682664
mouse,1847,759,1708709690.2682664
mouse,1839,759,1708709690.270571
mouse,1834,759,1708709690.2719166
mouse,1832,759,1708709690.272935
mouse,1820,758,1708709690.2739425
mouse,1819,758,1708709690.2749417
mouse,1810,757,1708709690.2759407
mouse,1805,756,1708709690.277942
mouse,1803,756,1708709690.278945
mouse,1796,756,1708709690.2799466
mouse,1790,755,1708709690.2809439
mouse,1786,755,1708709690.2829425
mouse,1783,755,1708709690.2834492
mouse,1778,754,1708709690.2854564
mouse,1774,754,1708709690.2864583
mouse,1769,754,1708709690.286969
mouse,1763,753,1708709690.2884703
mouse,1760,753,1708709690.2884703
mouse,1755,752,1708709690.2894812
mouse,1754,752,1708709690.2904773
mouse,1751,752,1708709690.2918966
mouse,1747,751,1708709690.2929413
mouse,1744,751,1708709690.2943864
mouse,1741,751,1708709690.2943864
mouse,1738,751,1708709690.2958457
mouse,1735,751,1708709690.2968512
mouse,1729,750,1708709690.2981672
mouse,1726,750,1708709690.2991772
mouse,1724,750,1708709690.3001757
mouse,1722,749,1708709690.3011734
mouse,1719,749,1708709690.3011734
mouse,1717,749,1708709690.302678
mouse,1714,748,1708709690.304131
mouse,1713,748,1708709690.3051383
mouse,1708,748,1708709690.3063605
mouse,1705,748,1708709690.3076358
mouse,1703,748,1708709690.3087978
mouse,1700,748,1708709690.310005
mouse,1698,747,1708709690.3110137
mouse,1695,747,1708709690.3128262
mouse,1694,746,1708709690.3128262
mouse,1692,746,1708709690.314306
mouse,1688,745,1708709690.3153126
mouse,1687,745,1708709690.316315
mouse,1686,745,1708709690.3174455
mouse,1683,745,1708709690.3199902
mouse,1682,745,1708709690.3199902
mouse,1680,745,1708709690.32122
mouse,1677,744,1708709690.32273
mouse,1676,744,1708709690.3237414
mouse,1675,744,1708709690.3247488
mouse,1673,743,1708709690.327212
mouse,1671,743,1708709690.3282208
mouse,1670,743,1708709690.3293958
mouse,1668,743,1708709690.3304062
mouse,1667,743,1708709690.3319724
mouse,1665,742,1708709690.332983
mouse,1664,742,1708709690.3339882
mouse,1663,742,1708709690.3349957
mouse,1661,742,1708709690.3349957
mouse,1660,741,1708709690.337281
mouse,1659,741,1708709690.3382823
mouse,1658,741,1708709690.3395946
mouse,1657,741,1708709690.3407803
mouse,1656,741,1708709690.3420856
mouse,1653,740,1708709690.3440948
mouse,1650,740,1708709690.3440948
mouse,1649,740,1708709690.3453453
mouse,1648,740,1708709690.347746
mouse,1647,740,1708709690.347746
mouse,1646,740,1708709690.3489077
mouse,1645,740,1708709690.3499944
mouse,1644,739,1708709690.3512995
mouse,1643,739,1708709690.3528056
mouse,1641,739,1708709690.3538153
mouse,1640,738,1708709690.3549638
mouse,1638,738,1708709690.356381
mouse,1638,738,1708709690.3573866
mouse,1636,738,1708709690.358682
mouse,1635,738,1708709690.3596904
mouse,1634,738,1708709690.3606908
mouse,1633,738,1708709690.36169
mouse,1633,738,1708709690.3631942
mouse,1631,738,1708709690.3641999
mouse,1631,738,1708709690.3653166
mouse,1630,738,1708709690.3663867
mouse,1629,737,1708709690.3673952
mouse,1628,737,1708709690.3687794
mouse,1627,737,1708709690.3697855
mouse,1627,737,1708709690.370854
mouse,1626,737,1708709690.3719504
mouse,1626,737,1708709690.3730469
mouse,1625,737,1708709690.373965
mouse,1624,737,1708709690.374966
mouse,1624,737,1708709690.3759725
mouse,1623,737,1708709690.3769743
mouse,1623,737,1708709690.37798
mouse,1622,737,1708709690.379285
mouse,1622,737,1708709690.380623
mouse,1620,737,1708709690.3816333
mouse,1620,737,1708709690.3838944
mouse,1619,737,1708709690.3848941
mouse,1619,737,1708709690.3867188
mouse,1618,737,1708709690.3881927
mouse,1618,737,1708709690.3906913
mouse,1617,737,1708709690.392812
mouse,1616,737,1708709690.395288
mouse,1616,737,1708709690.3967464
mouse,1615,737,1708709690.399756
mouse,1615,737,1708709690.401768
mouse,1615,737,1708709690.4027781
mouse,1614,737,1708709690.4084997
mouse,1614,736,1708709690.4107022
mouse,1614,736,1708709690.4137251
mouse,1614,735,1708709690.416726
mouse,1614,735,1708709690.423238
mouse,1613,735,1708709690.4252458
mouse,1613,734,1708709690.4262452
mouse,1613,734,1708709690.431564
mouse,1613,733,1708709690.4360785
mouse,1612,733,1708709690.439076
mouse,1612,732,1708709690.4425867
mouse,1612,731,1708709690.4458492
mouse,1612,731,1708709690.4474857
mouse,1612,731,1708709690.448501
mouse,1612,730,1708709690.453076
mouse,1612,730,1708709690.4571078
mouse,1611,730,1708709690.4602668
mouse,1611,729,1708709690.4617326
mouse,1611,729,1708709690.4647474
mouse,1611,729,1708709690.4657445
mouse,1611,728,1708709690.4702134
mouse,1610,728,1708709690.4712448
mouse,1610,728,1708709690.4741356
mouse,1610,727,1708709690.4751709
mouse,1609,727,1708709690.4777775
mouse,1609,727,1708709690.47979
mouse,1609,727,1708709690.4811351
mouse,1608,727,1708709690.4811351
mouse,1607,727,1708709690.4837794
mouse,1607,726,1708709690.4862268
mouse,1606,726,1708709690.4872406
mouse,1606,726,1708709690.4885237
mouse,1606,726,1708709690.4898877
mouse,1605,726,1708709690.490896
mouse,1605,726,1708709690.4934094
mouse,1604,726,1708709690.4944153
mouse,1603,726,1708709690.4964159
mouse,1603,725,1708709690.4974172
mouse,1603,725,1708709690.4985394
mouse,1602,725,1708709690.5000448
mouse,1602,725,1708709690.501094
mouse,1601,725,1708709690.502707
mouse,1601,725,1708709690.5047116
mouse,1600,725,1708709690.5057147
mouse,1599,725,1708709690.5081453
mouse,1599,724,1708709690.509171
mouse,1598,724,1708709690.5101755
mouse,1598,724,1708709690.5113575
mouse,1597,724,1708709690.5127196
mouse,1597,724,1708709690.5137472
mouse,1596,724,1708709690.5162702
mouse,1595,723,1708709690.51754
mouse,1595,723,1708709690.5188885
mouse,1594,723,1708709690.5200753
mouse,1593,723,1708709690.521083
mouse,1593,723,1708709690.521083
mouse,1593,723,1708709690.5228012
mouse,1592,723,1708709690.5238945
mouse,1591,723,1708709690.5249007
mouse,1591,723,1708709690.5263984
mouse,1590,723,1708709690.5276613
mouse,1590,722,1708709690.5276613
mouse,1589,722,1708709690.52911
mouse,1588,722,1708709690.5304337
mouse,1587,722,1708709690.5315197
mouse,1587,722,1708709690.5327208
mouse,1586,722,1708709690.5337322
mouse,1586,722,1708709690.5359104
mouse,1585,722,1708709690.5371745
mouse,1584,721,1708709690.5371745
mouse,1583,721,1708709690.5384374
mouse,1582,721,1708709690.5398366
mouse,1581,721,1708709690.5419436
mouse,1580,721,1708709690.5444293
mouse,1579,721,1708709690.5455458
mouse,1579,721,1708709690.546554
mouse,1578,721,1708709690.5475538
mouse,1577,720,1708709690.5485523
mouse,1576,720,1708709690.5495694
mouse,1576,720,1708709690.5507264
mouse,1575,719,1708709690.5521839
mouse,1574,719,1708709690.552687
mouse,1573,719,1708709690.5541725
mouse,1573,719,1708709690.5555742
mouse,1572,719,1708709690.5555742
mouse,1571,719,1708709690.5568295
mouse,1570,718,1708709690.5588367
mouse,1569,718,1708709690.5602274
mouse,1568,718,1708709690.5602274
mouse,1568,718,1708709690.5612414
mouse,1567,718,1708709690.5627487
mouse,1566,718,1708709690.5637581
mouse,1565,717,1708709690.565021
mouse,1565,717,1708709690.5661523
mouse,1563,716,1708709690.5674293
mouse,1562,716,1708709690.5694396
mouse,1561,716,1708709690.5694396
mouse,1560,716,1708709690.5709445
mouse,1560,716,1708709690.5709445
mouse,1559,715,1708709690.5728998
mouse,1558,715,1708709690.574049
mouse,1557,715,1708709690.575486
mouse,1556,715,1708709690.5768092
mouse,1556,715,1708709690.5780747
mouse,1555,714,1708709690.5780747
mouse,1554,714,1708709690.5791192
mouse,1553,714,1708709690.5791192
mouse,1553,713,1708709690.5805807
mouse,1552,713,1708709690.5817556
mouse,1551,713,1708709690.5841594
mouse,1549,713,1708709690.5841594
mouse,1549,712,1708709690.5856426
mouse,1548,712,1708709690.586648
mouse,1547,712,1708709690.587648
mouse,1547,712,1708709690.5897613
mouse,1546,712,1708709690.5912735
mouse,1545,712,1708709690.5912735
mouse,1545,711,1708709690.5927553
mouse,1544,711,1708709690.594073
mouse,1543,711,1708709690.594073
mouse,1543,711,1708709690.5962932
mouse,1542,711,1708709690.5972953
mouse,1542,711,1708709690.5986114
mouse,1541,711,1708709690.6000948
mouse,1541,710,1708709690.6015713
mouse,1540,710,1708709690.603076
mouse,1539,710,1708709690.6044526
mouse,1539,709,1708709690.6058488
mouse,1539,709,1708709690.6058488
mouse,1538,709,1708709690.6089928
mouse,1538,709,1708709690.6104152
mouse,1538,709,1708709690.6158447
mouse,1538,709,1708709690.6589868
mouse,1538,708,1708709690.6724997
mouse,1538,708,1708709690.6971083
mouse,1538,708,1708709690.7072926
mouse,1539,708,1708709690.7115111
mouse,1539,708,1708709690.7140288
mouse,1540,708,1708709690.716097
mouse,1540,708,1708709690.7194073
mouse,1541,708,1708709690.7228532
mouse,1541,708,1708709690.7242684
mouse,1541,707,1708709690.7263458
mouse,1542,707,1708709690.7273479
mouse,1542,707,1708709690.7287383
mouse,1543,707,1708709690.7314415
mouse,1544,707,1708709690.732949
mouse,1544,707,1708709690.7349575
mouse,1545,707,1708709690.736356
mouse,1545,707,1708709690.738499
mouse,1546,707,1708709690.7405124
mouse,1546,707,1708709690.7430217
mouse,1547,706,1708709690.7444632
mouse,1548,706,1708709690.7485187
mouse,1548,706,1708709690.7495172
mouse,1549,706,1708709690.7515745
mouse,1549,706,1708709690.754087
mouse,1550,705,1708709690.7559419
mouse,1550,705,1708709690.7579424
mouse,1551,705,1708709690.7599382
mouse,1551,705,1708709690.7619407
mouse,1552,705,1708709690.764362
mouse,1553,705,1708709690.7653594
mouse,1553,705,1708709690.7673604
mouse,1554,705,1708709690.7703612
mouse,1554,705,1708709690.771365
mouse,1555,705,1708709690.7738857
mouse,1555,705,1708709690.7858636
mouse,1557,705,1708709690.786864
mouse,1558,704,1708709690.788369
mouse,1558,704,1708709690.7910483
mouse,1559,704,1708709690.7928872
mouse,1559,704,1708709690.7955272
mouse,1560,704,1708709690.797529
mouse,1561,704,1708709690.8005311
mouse,1561,704,1708709690.8015282
mouse,1562,704,1708709690.8030348
mouse,1562,704,1708709690.8050563
mouse,1562,704,1708709690.8063214
mouse,1563,704,1708709690.807796
mouse,1563,704,1708709690.8087986
mouse,1564,704,1708709690.8097975
mouse,1565,704,1708709690.8107967
mouse,1565,704,1708709690.8127985
mouse,1566,704,1708709690.8140826
mouse,1566,704,1708709690.8150828
mouse,1567,704,1708709690.8160822
mouse,1568,704,1708709690.8180854
mouse,1569,704,1708709690.820352
mouse,1571,704,1708709690.8213742
mouse,1571,704,1708709690.82302
mouse,1572,704,1708709690.8238866
mouse,1573,704,1708709690.8248885
mouse,1575,704,1708709690.8258896
mouse,1576,704,1708709690.826887
mouse,1577,704,1708709690.8278902
mouse,1578,704,1708709690.8288827
mouse,1579,704,1708709690.8298848
mouse,1581,704,1708709690.8308864
mouse,1582,704,1708709690.8326876
mouse,1583,704,1708709690.8336945
mouse,1587,704,1708709690.8346987
mouse,1589,704,1708709690.835951
mouse,1590,704,1708709690.8370907
mouse,1593,704,1708709690.8381793
mouse,1596,704,1708709690.8404124
mouse,1598,703,1708709690.8414352
mouse,1606,703,1708709690.8428302
mouse,1609,703,1708709690.8438532
mouse,1611,703,1708709690.845129
mouse,1615,703,1708709690.8461285
mouse,1620,703,1708709690.8471289
mouse,1624,702,1708709690.8481297
mouse,1630,702,1708709690.8491297
mouse,1634,702,1708709690.85013
mouse,1640,701,1708709690.8511267
mouse,1644,701,1708709690.8511267
mouse,1646,701,1708709690.8526306
mouse,1653,700,1708709690.8546412
mouse,1665,699,1708709690.8556368
mouse,1668,698,1708709690.8576376
mouse,1678,697,1708709690.8586376
mouse,1685,696,1708709690.8596416
mouse,1693,696,1708709690.8606372
mouse,1700,696,1708709690.8616393
mouse,1710,695,1708709690.862636
mouse,1718,694,1708709690.8636887
mouse,1727,693,1708709690.864685
mouse,1736,692,1708709690.865682
mouse,1744,691,1708709690.8666837
mouse,1752,690,1708709690.8676815
mouse,1761,687,1708709690.868682
mouse,1770,686,1708709690.869681
mouse,1778,685,1708709690.8706827
mouse,1787,684,1708709690.8716838
mouse,1795,683,1708709690.8731894
mouse,1804,682,1708709690.8741984
mouse,1812,681,1708709690.8751957
mouse,1821,680,1708709690.8761947
mouse,1829,679,1708709690.877199
mouse,1846,677,1708709690.878195
mouse,1848,677,1708709690.878195
mouse,1868,673,1708709690.8806791
mouse,1876,672,1708709690.8806791
mouse,1884,671,1708709690.882876
mouse,1892,670,1708709690.8841639
mouse,1910,668,1708709690.8851697
mouse,1917,667,1708709690.886176
mouse,1928,665,1708709690.887171
mouse,1940,664,1708709690.8886802
mouse,1944,663,1708709690.8896904
mouse,1962,661,1708709690.8906872
mouse,1974,659,1708709690.8918922
mouse,1978,659,1708709690.8930368
mouse,1990,656,1708709690.8940434
mouse,1994,656,1708709690.896051
mouse,2008,653,1708709690.8970807
mouse,2022,650,1708709690.8980906
mouse,2025,650,1708709690.8980906
mouse,2036,648,1708709690.8993757
mouse,2041,648,1708709690.9013858
mouse,2054,644,1708709690.9028893
mouse,2058,643,1708709690.9039
mouse,2068,641,1708709690.9048975
mouse,2076,639,1708709690.9068956
mouse,2080,639,1708709690.9081523
mouse,2089,636,1708709690.9091625
mouse,2080,639,Button.left,pressed,1708709690.9104455
mouse,2096,634,1708709690.9119098
mouse,2105,631,1708709690.9129148
mouse,2107,630,1708709690.9149213
mouse,2110,629,1708709690.915928
mouse,2114,627,1708709690.9169269
mouse,2116,626,1708709690.91793
mouse,2117,626,1708709690.9189274
mouse,2118,625,1708709690.9199328
mouse,2120,624,1708709690.9212182
mouse,2120,624,1708709690.9227405
mouse,2121,623,1708709690.9237888
mouse,2122,622,1708709690.9247785
mouse,2123,621,1708709690.9269156
mouse,2123,621,1708709690.9279149
mouse,2123,620,1708709690.9309182
mouse,2123,620,1708709690.93342
mouse,2123,619,1708709690.9374259
mouse,2123,619,1708709690.9384463
mouse,2123,618,1708709690.941444
mouse,2123,618,1708709690.941444
mouse,2123,617,1708709690.9429526
mouse,2123,617,1708709690.9443889
mouse,2122,616,1708709690.9464
mouse,2122,616,1708709690.9477458
mouse,2122,616,1708709690.9497538
mouse,2122,615,1708709690.9509282
mouse,2121,615,1708709690.9519396
mouse,2121,615,1708709690.956462
mouse,2121,614,1708709690.9574642
mouse,2120,614,1708709690.9584668
mouse,2120,613,1708709690.9639692
mouse,2120,613,1708709691.2945566
mouse,2120,613,1708709691.2975564
mouse,2120,614,1708709691.3285558
mouse,2120,614,1708709691.3412359
mouse,2120,614,1708709691.3427398
mouse,2121,614,1708709691.3485558
mouse,2121,615,1708709691.3495536
mouse,2121,615,1708709691.354071
mouse,2121,615,1708709691.3550725
mouse,2122,616,1708709691.3587167
mouse,2123,616,1708709691.3632233
mouse,2123,616,1708709691.3662286
mouse,2123,617,1708709691.3675601
mouse,2124,618,1708709691.3695686
mouse,2124,618,1708709691.3731525
mouse,2125,619,1708709691.3760755
mouse,2125,619,1708709691.3805609
mouse,2126,620,1708709691.3830714
mouse,2127,620,1708709691.38709
key,'s',pressed,1708709691.3909352
mouse,2127,621,1708709691.3909352
mouse,2128,622,1708709691.3974702
mouse,2128,622,1708709691.4054482
mouse,2128,622,1708709691.40645
key,'d',pressed,1708709691.590297
mouse,2129,622,1708709691.6689193
mouse,2129,623,1708709691.6729507
mouse,2129,623,1708709691.6744614
mouse,2130,623,1708709691.6787076
mouse,2130,623,1708709691.680709
mouse,2131,623,1708709691.681709
mouse,2131,623,1708709691.6841655
mouse,2131,624,1708709691.6841655
mouse,2132,624,1708709691.6864977
mouse,2132,624,1708709691.6887908
mouse,2132,624,1708709691.6902971
mouse,2133,624,1708709691.6920357
mouse,2133,624,1708709691.694027
mouse,2133,625,1708709691.695506
mouse,2134,625,1708709691.696512
mouse,2134,625,1708709691.698559
mouse,2134,625,1708709691.699575
mouse,2135,625,1708709691.7019632
mouse,2135,626,1708709691.7034655
mouse,2136,626,1708709691.7044728
mouse,2136,626,1708709691.7074714
mouse,2137,627,1708709691.7095032
mouse,2137,627,1708709691.711503
mouse,2138,627,1708709691.7140274
mouse,2138,627,1708709691.716028
mouse,2139,628,1708709691.7185645
mouse,2140,628,1708709691.7211034
mouse,2140,628,1708709691.7236183
mouse,2140,628,1708709691.7236183
mouse,2141,628,1708709691.7249897
mouse,2141,629,1708709691.7286983
mouse,2142,629,1708709691.729741
mouse,2142,629,1708709691.7312164
mouse,2142,629,1708709691.7327237
mouse,2143,629,1708709691.7340572
mouse,2144,630,1708709691.7362723
mouse,2144,630,1708709691.7392726
mouse,2145,631,1708709691.7412739
mouse,2145,631,1708709691.7447896
mouse,2145,631,1708709691.7457902
mouse,2146,631,1708709691.746794
mouse,2146,632,1708709691.7507913
mouse,2147,632,1708709691.7532966
mouse,2147,632,1708709691.7554228
mouse,2148,632,1708709691.7564213
mouse,2148,632,1708709691.7574213
mouse,2148,633,1708709691.7594175
mouse,2149,633,1708709691.760499
mouse,2149,633,1708709691.7615628
mouse,2150,634,1708709691.7650893
mouse,2150,634,1708709691.7670882
mouse,2150,635,1708709691.7680883
mouse,2151,635,1708709691.7700903
mouse,2152,635,1708709691.7722912
mouse,2152,636,1708709691.7727964
mouse,2152,636,1708709691.7748034
mouse,2153,636,1708709691.7748034
mouse,2153,636,1708709691.7768052
mouse,2153,636,1708709691.7768052
mouse,2153,637,1708709691.7781816
mouse,2154,637,1708709691.7791917
mouse,2154,637,1708709691.7811897
mouse,2154,637,1708709691.7811897
mouse,2154,638,1708709691.7826946
mouse,2155,638,1708709691.7850428
mouse,2156,639,1708709691.786328
mouse,2156,639,1708709691.788334
mouse,2157,640,1708709691.791488
mouse,2157,640,1708709691.7929966
mouse,2157,640,1708709691.7940068
mouse,2158,640,1708709691.7950041
mouse,2158,641,1708709691.7970037
mouse,2158,641,1708709691.7980063
mouse,2159,641,1708709691.8000364
mouse,2160,642,1708709691.803036
mouse,2160,643,1708709691.8045485
mouse,2161,643,1708709691.8078198
mouse,2161,643,1708709691.8088286
mouse,2161,643,1708709691.8108268
mouse,2161,644,1708709691.8118265
mouse,2162,644,1708709691.8138657
mouse,2162,644,1708709691.8153195
mouse,2162,644,1708709691.817506
mouse,2162,645,1708709691.818505
mouse,2163,645,1708709691.820534
mouse,2163,645,1708709691.8230298
mouse,2164,645,1708709691.8240373
mouse,2164,646,1708709691.8305364
mouse,2164,646,1708709691.8394809
mouse,2164,647,1708709691.9105766
mouse,2164,647,1708709691.9216719
mouse,2164,648,1708709691.9261894
key,Key.shift,pressed,1708709691.9291923
mouse,2164,648,1708709691.9315789
mouse,2165,649,1708709691.938297
mouse,2165,649,1708709691.94405
mouse,2165,650,1708709691.9495888
mouse,2165,651,1708709691.9539614
mouse,2165,651,1708709691.9589634
mouse,2165,652,1708709691.962704
mouse,2165,652,1708709691.9667082
mouse,2165,653,1708709691.971965
mouse,2165,653,1708709691.975773
mouse,2165,654,1708709691.9800458
mouse,2165,654,1708709691.9820528
mouse,2165,655,1708709691.9841156
mouse,2165,655,1708709691.98838
mouse,2165,656,1708709691.9917538
mouse,2165,656,1708709691.9963894
mouse,2165,656,1708709691.9973962
mouse,2165,657,1708709692.0004
mouse,2165,657,1708709692.0038748
mouse,2165,658,1708709692.0068936
mouse,2164,658,1708709692.0089939
mouse,2164,658,1708709692.0099993
mouse,2164,659,1708709692.0130002
mouse,2164,660,1708709692.0152588
mouse,2163,660,1708709692.016697
mouse,2163,660,1708709692.0181646
mouse,2163,661,1708709692.021655
mouse,2163,661,1708709692.0227554
mouse,2163,661,1708709692.0237644
mouse,2163,662,1708709692.0267637
mouse,2162,662,1708709692.027762
mouse,2162,662,1708709692.027762
mouse,2162,663,1708709692.0301893
mouse,2162,663,1708709692.0301893
mouse,2162,664,1708709692.031541
mouse,2161,664,1708709692.0331535
mouse,2161,664,1708709692.0350487
mouse,2161,665,1708709692.0363877
mouse,2161,665,1708709692.0373948
mouse,2161,665,1708709692.038396
mouse,2160,665,1708709692.0393932
mouse,2160,666,1708709692.0393932
mouse,2160,666,1708709692.041599
mouse,2159,666,1708709692.041599
mouse,2159,667,1708709692.0431042
mouse,2159,667,1708709692.044418
mouse,2159,668,1708709692.0455654
mouse,2158,668,1708709692.046571
mouse,2158,669,1708709692.0480573
mouse,2157,669,1708709692.0501838
mouse,2157,670,1708709692.0516806
mouse,2156,670,1708709692.0531855
mouse,2155,671,1708709692.055271
mouse,2155,672,1708709692.0562942
mouse,2155,672,1708709692.0577729
mouse,2154,672,1708709692.058784
mouse,2154,673,1708709692.0595887
mouse,2153,673,1708709692.0606058
mouse,2153,673,1708709692.0616033
mouse,2153,674,1708709692.0631073
mouse,2152,674,1708709692.0642126
mouse,2151,675,1708709692.0662098
mouse,2151,675,1708709692.0674102
mouse,2151,676,1708709692.0687244
mouse,2150,676,1708709692.0707471
mouse,2150,677,1708709692.071743
mouse,2149,677,1708709692.0727437
mouse,2148,678,1708709692.0748742
mouse,2147,678,1708709692.0758731
mouse,2147,678,1708709692.0773792
mouse,2147,679,1708709692.0783868
mouse,2146,679,1708709692.0793855
mouse,2145,680,1708709692.081386
mouse,2145,681,1708709692.0828922
mouse,2144,681,1708709692.0839276
mouse,2143,681,1708709692.084924
mouse,2143,682,1708709692.0859237
mouse,2142,682,1708709692.0875874
mouse,2142,683,1708709692.0889926
mouse,2141,683,1708709692.0905766
mouse,2141,684,1708709692.0915885
mouse,2140,684,1708709692.0935836
mouse,2139,684,1708709692.0945983
mouse,2139,685,1708709692.096738
mouse,2139,685,1708709692.0972497
mouse,2138,685,1708709692.0982568
mouse,2138,686,1708709692.0992582
mouse,2137,686,1708709692.1002576
mouse,2137,686,1708709692.1012564
mouse,2137,686,1708709692.103771
mouse,2136,687,1708709692.1047719
mouse,2135,688,1708709692.105771
mouse,2135,688,1708709692.1077702
mouse,2134,688,1708709692.108771
mouse,2134,688,1708709692.108771
mouse,2134,689,1708709692.1108508
mouse,2133,689,1708709692.1113555
mouse,2133,689,1708709692.113176
mouse,2132,690,1708709692.1141999
mouse,2131,690,1708709692.1151984
mouse,2131,690,1708709692.1162012
mouse,2131,690,1708709692.117201
mouse,2130,690,1708709692.1182015
mouse,2130,691,1708709692.1192021
key,'D',released,1708709692.1202009
mouse,2129,692,1708709692.1212022
mouse,2129,692,1708709692.1221993
mouse,2128,692,1708709692.1232011
mouse,2128,692,1708709692.1242635
mouse,2127,692,1708709692.1252615
mouse,2127,693,1708709692.1274996
mouse,2126,693,1708709692.1284964
mouse,2126,693,1708709692.1294954
mouse,2126,693,1708709692.1304953
mouse,2125,693,1708709692.1315026
mouse,2125,694,1708709692.1315026
mouse,2125,694,1708709692.1330078
mouse,2124,694,1708709692.1340146
mouse,2124,694,1708709692.1350138
mouse,2123,694,1708709692.136013
mouse,2123,694,1708709692.1370146
mouse,2123,695,1708709692.1384978
mouse,2122,695,1708709692.1405044
mouse,2122,696,1708709692.141506
mouse,2121,696,1708709692.1527667
mouse,2118,697,1708709692.1542113
mouse,2117,698,1708709692.1552203
mouse,2116,698,1708709692.1572468
mouse,2115,698,1708709692.1584704
mouse,2115,698,1708709692.1594775
mouse,2114,698,1708709692.1604807
mouse,2114,699,1708709692.1629918
mouse,2114,699,1708709692.1640086
mouse,2113,699,1708709692.1650007
mouse,2113,700,1708709692.1660023
mouse,2113,700,1708709692.1670012
mouse,2112,700,1708709692.1679978
mouse,2111,700,1708709692.1709976
mouse,2111,700,1708709692.1730046
mouse,2110,700,1708709692.1764586
mouse,2110,700,1708709692.1774557
mouse,2110,701,1708709692.1784546
mouse,2109,701,1708709692.1814556
mouse,2109,701,1708709692.183968
mouse,2108,701,1708709692.1882353
mouse,2107,701,1708709692.1957266
mouse,2107,702,1708709692.1977322
mouse,2107,702,1708709692.2007322
mouse,2106,702,1708709692.2089307
mouse,2106,702,1708709692.2144544
mouse,2105,702,1708709692.2249951
mouse,2105,702,1708709692.2327511
mouse,2105,703,1708709692.2399807
key,'A',pressed,1708709692.2476144
mouse,2104,703,1708709692.2489076
mouse,2104,703,1708709692.2520509
mouse,2103,703,1708709692.2565978
mouse,2103,704,1708709692.26591
mouse,2103,704,1708709692.2699306
mouse,2103,705,1708709692.274074
mouse,2102,705,1708709692.2784598
mouse,2102,705,1708709692.283917
mouse,2102,706,1708709692.2910058
mouse,2102,706,1708709692.297585
mouse,2101,706,1708709692.3006022
mouse,2101,707,1708709692.3031244
mouse,2101,707,1708709692.3071325
mouse,2101,708,1708709692.312133
mouse,2101,709,1708709692.315417
mouse,2101,709,1708709692.3194816
mouse,2100,709,1708709692.3204966
mouse,2100,710,1708709692.321493
mouse,2100,710,1708709692.3254216
mouse,2100,711,1708709692.3274283
mouse,2100,711,1708709692.3314295
mouse,2099,712,1708709692.3329372
mouse,2099,713,1708709692.3349447
mouse,2099,713,1708709692.3376043
mouse,2099,714,1708709692.3396184
mouse,2099,714,1708709692.3418412
mouse,2099,715,1708709692.342841
mouse,2099,715,1708709692.3449507
mouse,2099,716,1708709692.3469756
mouse,2099,717,1708709692.3484864
mouse,2099,717,1708709692.350487
mouse,2099,718,1708709692.351489
mouse,2099,718,1708709692.352996
mouse,2099,719,1708709692.3540092
mouse,2099,719,1708709692.3553777
mouse,2099,720,1708709692.3574793
mouse,2099,721,1708709692.3584838
mouse,2099,721,1708709692.3604808
mouse,2099,722,1708709692.3604808
mouse,2099,722,1708709692.3638456
mouse,2099,723,1708709692.3648434
mouse,2099,723,1708709692.3658426
mouse,2099,724,1708709692.3668432
mouse,2099,725,1708709692.3678458
mouse,2099,726,1708709692.3691788
mouse,2099,726,1708709692.3701897
mouse,2099,727,1708709692.372187
mouse,2099,727,1708709692.3731894
mouse,2099,728,1708709692.3742888
mouse,2099,729,1708709692.3752904
mouse,2099,730,1708709692.3767943
mouse,2099,730,1708709692.3779833
mouse,2099,731,1708709692.3789887
mouse,2099,732,1708709692.38047
mouse,2099,733,1708709692.3816805
mouse,2099,733,1708709692.3828583
mouse,2099,734,1708709692.3840032
mouse,2099,734,1708709692.3850033
mouse,2100,735,1708709692.3860044
mouse,2100,735,1708709692.3870962
mouse,2100,737,1708709692.3881042
mouse,2100,738,1708709692.3892891
mouse,2100,738,1708709692.3903053
mouse,2100,739,1708709692.3913023
mouse,2101,740,1708709692.3932986
mouse,2101,741,1708709692.3938055
mouse,2101,742,1708709692.3952405
mouse,2101,743,1708709692.39738
mouse,2101,744,1708709692.3983846
mouse,2101,745,1708709692.3993843
mouse,2101,745,1708709692.400387
mouse,2102,746,1708709692.401385
mouse,2102,747,1708709692.4028938
mouse,2102,748,1708709692.4049108
mouse,2103,749,1708709692.405926
mouse,2103,751,1708709692.406923
mouse,2103,751,1708709692.4089217
mouse,2103,752,1708709692.410377
mouse,2103,753,1708709692.4114091
mouse,2103,754,1708709692.412916
mouse,2104,755,1708709692.4142623
mouse,2104,756,1708709692.4154198
mouse,2104,756,1708709692.4168775
mouse,2104,758,1708709692.4178874
mouse,2104,759,1708709692.418888
mouse,2105,759,1708709692.4210155
mouse,2105,760,1708709692.4210155
mouse,2105,762,1708709692.4239435
mouse,2105,763,1708709692.4259548
mouse,2105,764,1708709692.426952
mouse,2106,765,1708709692.427951
mouse,2106,766,1708709692.429951
mouse,2107,766,1708709692.4309545
mouse,2107,767,1708709692.4319537
mouse,2107,768,1708709692.4329555
mouse,2107,769,1708709692.434433
mouse,2107,770,1708709692.4354296
mouse,2107,771,1708709692.4379494
mouse,2108,772,1708709692.4399478
mouse,2108,774,1708709692.4414256
mouse,2108,775,1708709692.443226
mouse,2109,776,1708709692.4442375
mouse,2109,776,1708709692.4455185
mouse,2109,777,1708709692.4465237
mouse,2109,778,1708709692.4478037
mouse,2110,778,1708709692.4478037
mouse,2110,779,1708709692.4488096
mouse,2110,779,1708709692.4507341
mouse,2110,780,1708709692.4527533
mouse,2110,781,1708709692.45326
mouse,2111,782,1708709692.4552655
mouse,2111,783,1708709692.4562638
mouse,2111,783,1708709692.4572678
mouse,2111,784,1708709692.458578
mouse,2111,785,1708709692.4608948
mouse,2111,785,1708709692.4619052
mouse,2111,787,1708709692.4629216
mouse,2111,787,1708709692.4639308
mouse,2112,788,1708709692.4659305
mouse,2112,788,1708709692.467217
mouse,2112,789,1708709692.4682224
mouse,2112,789,1708709692.4692254
mouse,2112,789,1708709692.4702272
mouse,2112,790,1708709692.471223
mouse,2112,791,1708709692.473742
mouse,2112,792,1708709692.4747393
mouse,2113,792,1708709692.4757402
mouse,2113,793,1708709692.4777396
mouse,2113,793,1708709692.4787421
mouse,2114,794,1708709692.481174
mouse,2114,795,1708709692.4821782
mouse,2114,795,1708709692.4831746
mouse,2114,796,1708709692.4866195
mouse,2114,796,1708709692.488127
mouse,2114,797,1708709692.4891353
mouse,2114,797,1708709692.4901364
mouse,2114,798,1708709692.4911385
mouse,2115,799,1708709692.4931402
mouse,2115,799,1708709692.4946566
mouse,2115,800,1708709692.4966686
mouse,2115,800,1708709692.498585
mouse,2115,801,1708709692.50106
mouse,2115,801,1708709692.5030723
mouse,2116,801,1708709692.5030723
mouse,2116,802,1708709692.504563
mouse,2116,803,1708709692.5068438
mouse,2116,803,1708709692.5088422
mouse,2116,804,1708709692.5108445
mouse,2116,804,1708709692.5118454
mouse,2116,804,1708709692.513353
mouse,2116,805,1708709692.5156107
mouse,2116,805,1708709692.5176244
mouse,2116,806,1708709692.5210714
mouse,2117,807,1708709692.522084
mouse,2117,807,1708709692.5230784
mouse,2117,808,1708709692.5252364
mouse,2117,808,1708709692.5272386
mouse,2118,808,1708709692.5282357
mouse,2118,809,1708709692.5292363
mouse,2118,809,1708709692.5312364
mouse,2118,810,1708709692.532886
mouse,2118,811,1708709692.5347486
mouse,2118,811,1708709692.5368748
mouse,2118,812,1708709692.5378816
mouse,2118,812,1708709692.5388813
mouse,2118,812,1708709692.539882
mouse,2118,813,1708709692.541884
mouse,2118,813,1708709692.5428848
mouse,2118,814,1708709692.544053
mouse,2118,814,1708709692.546054
mouse,2118,815,1708709692.5470502
mouse,2118,816,1708709692.5497143
mouse,2118,817,1708709692.5507205
mouse,2118,817,1708709692.5532262
mouse,2118,818,1708709692.554235
mouse,2118,818,1708709692.5556784
mouse,2118,819,1708709692.5569878
mouse,2119,820,1708709692.5580213
mouse,2119,820,1708709692.5600257
mouse,2119,821,1708709692.5610251
mouse,2119,821,1708709692.5620232
mouse,2119,822,1708709692.5635357
mouse,2119,822,1708709692.5645425
mouse,2119,823,1708709692.5655408
mouse,2119,824,1708709692.5675426
mouse,2119,824,1708709692.5689204
mouse,2119,825,1708709692.5699313
mouse,2119,826,1708709692.5719306
mouse,2119,827,1708709692.5734355
mouse,2119,827,1708709692.5744448
mouse,2119,828,1708709692.575455
mouse,2119,828,1708709692.5764556
mouse,2119,829,1708709692.5774531
mouse,2119,829,1708709692.579453
mouse,2119,830,1708709692.5804527
mouse,2120,830,1708709692.5814536
mouse,2120,832,1708709692.5829592
mouse,2120,832,1708709692.5839689
mouse,2120,833,1708709692.58597
mouse,2120,833,1708709692.587313
mouse,2120,834,1708709692.587313
mouse,2120,835,1708709692.589323
mouse,2120,836,1708709692.5907876
mouse,2120,837,1708709692.5912924
mouse,2121,837,1708709692.5927436
mouse,2121,838,1708709692.594398
mouse,2121,838,1708709692.5952697
mouse,2121,839,1708709692.5976758
mouse,2122,840,1708709692.5991971
mouse,2122,841,1708709692.6001956
mouse,2122,841,1708709692.6012032
mouse,2122,842,1708709692.602201
mouse,2122,843,1708709692.6043038
mouse,2122,843,1708709692.6053054
mouse,2122,844,1708709692.6073031
mouse,2123,845,1708709692.6083033
mouse,2123,845,1708709692.6093054
mouse,2123,846,1708709692.610669
mouse,2123,847,1708709692.611695
mouse,2123,848,1708709692.6132038
mouse,2123,848,1708709692.6142125
mouse,2123,849,1708709692.6152105
mouse,2123,849,1708709692.6165943
mouse,2124,850,1708709692.6176062
mouse,2124,851,1708709692.6196046
mouse,2124,851,1708709692.6206064
mouse,2124,852,1708709692.6216047
mouse,2124,852,1708709692.6216047
mouse,2124,853,1708709692.6241221
mouse,2125,853,1708709692.625125
mouse,2125,854,1708709692.6261215
mouse,2126,855,1708709692.6271195
mouse,2126,855,1708709692.6281197
mouse,2126,856,1708709692.6301212
mouse,2126,856,1708709692.631121
mouse,2126,857,1708709692.6324253
mouse,2126,857,1708709692.6339393
mouse,2127,858,1708709692.634938
mouse,2127,859,1708709692.6369374
mouse,2127,859,1708709692.637939
mouse,2127,859,1708709692.6399384
mouse,2127,860,1708709692.6399384
mouse,2127,860,1708709692.6428146
mouse,2127,861,1708709692.6438208
mouse,2128,861,1708709692.644824
mouse,2128,862,1708709692.646822
mouse,2128,863,1708709692.6488209
mouse,2128,863,1708709692.650822
mouse,2128,864,1708709692.6528838
mouse,2128,864,1708709692.6548927
mouse,2128,865,1708709692.6568909
mouse,2129,865,1708709692.658895
mouse,2129,866,1708709692.6618907
mouse,2129,867,1708709692.6644053
mouse,2129,867,1708709692.6664438
mouse,2129,868,1708709692.6686323
mouse,2129,868,1708709692.6716318
mouse,2130,868,1708709692.673259
mouse,2130,869,1708709692.6744974
mouse,2130,869,1708709692.6768768
mouse,2130,870,1708709692.6808815
mouse,2130,871,1708709692.6833873
mouse,2130,871,1708709692.6863976
mouse,2130,872,1708709692.690125
mouse,2130,872,1708709692.692144
mouse,2130,873,1708709692.695646
mouse,2130,873,1708709692.6986437
mouse,2130,874,1708709692.7029955
mouse,2130,875,1708709692.7060018
mouse,2130,875,1708709692.7092092
mouse,2130,876,1708709692.7112205
mouse,2130,876,1708709692.7157316
mouse,2130,877,1708709692.7197335
mouse,2130,877,1708709692.7226877
mouse,2130,877,1708709692.7253487
mouse,2130,878,1708709692.726592
mouse,2130,879,1708709692.729607
mouse,2130,879,1708709692.7309546
mouse,2130,880,1708709692.7341032
mouse,2130,880,1708709692.7372081
mouse,2130,881,1708709692.7402134
mouse,2130,881,1708709692.7427216
mouse,2130,882,1708709692.745807
mouse,2130,883,1708709692.748808
key,'A',pressed,1708709692.751908
mouse,2130,883,1708709692.752915
mouse,2131,883,1708709692.7567585
mouse,2131,884,1708709692.7578282
mouse,2131,884,1708709692.7602923
mouse,2131,885,1708709692.7628188
mouse,2131,885,1708709692.7668254
mouse,2131,886,1708709692.7712154
mouse,2131,886,1708709692.774832
mouse,2131,887,1708709692.778838
mouse,2131,888,1708709692.7828386
key,'A',pressed,1708709692.7828386
mouse,2131,888,1708709692.7868447
mouse,2131,889,1708709692.7913597
mouse,2131,889,1708709692.7959833
mouse,2131,890,1708709692.7995758
mouse,2131,890,1708709692.8039594
mouse,2131,891,1708709692.808386
mouse,2131,892,1708709692.8130164
key,'A',pressed,1708709692.8138967
mouse,2131,892,1708709692.815983
mouse,2131,893,1708709692.8199914
mouse,2131,893,1708709692.8241515
mouse,2131,894,1708709692.827154
mouse,2131,894,1708709692.832562
mouse,2131,895,1708709692.8350835
mouse,2131,896,1708709692.8400822
mouse,2131,896,1708709692.8442512
mouse,2131,897,1708709692.8487353
mouse,2131,897,1708709692.8497365
mouse,2131,897,1708709692.8530912
mouse,2131,898,1708709692.858099
key,'A',pressed,1708709692.8611014
mouse,2131,898,1708709692.863104
mouse,2131,899,1708709692.8706017
mouse,2131,900,1708709692.8751137
mouse,2131,900,1708709692.8844204
key,'A',pressed,1708709692.8904753
mouse,2131,901,1708709692.8929486
mouse,2131,901,1708709692.9029028
mouse,2131,902,1708709692.9175699
key,'A',pressed,1708709692.9215667
key,'A',released,1708709692.9374146
mouse,2131,902,Button.left,released,1708709692.981816
key,'S',released,1708709692.9998875
key,Key.shift,released,1708709693.0018945
mouse,2131,902,1708709693.041064
mouse,2131,902,1708709693.0608883
mouse,2131,903,1708709693.0628855
mouse,2131,904,1708709693.0699124
mouse,2131,904,1708709693.0770068
mouse,2131,904,1708709693.078498
mouse,2131,905,1708709693.0815098
mouse,2131,905,1708709693.086022
mouse,2131,906,1708709693.0895083
mouse,2131,906,1708709693.0915146
mouse,2131,907,1708709693.0929577
mouse,2131,908,1708709693.0952897
mouse,2131,908,1708709693.097297
mouse,2131,909,1708709693.0992947
mouse,2131,909,1708709693.1002958
mouse,2131,910,1708709693.101295
mouse,2131,910,1708709693.1038127
mouse,2131,911,1708709693.1068091
mouse,2131,912,1708709693.1078098
mouse,2131,912,1708709693.1108096
mouse,2131,913,1708709693.1133153
mouse,2131,913,1708709693.116705
mouse,2130,913,1708709693.1187084
mouse,2130,914,1708709693.1197088
mouse,2130,914,1708709693.1233892
mouse,2130,915,1708709693.1264033
mouse,2130,916,1708709693.1303964
mouse,2130,916,1708709693.131397
mouse,2129,917,1708709693.1349142
mouse,2129,917,1708709693.1369147
mouse,2129,918,1708709693.1402042
mouse,2129,918,1708709693.142205
mouse,2129,919,1708709693.14371
mouse,2129,919,1708709693.1457162
mouse,2129,920,1708709693.147715
mouse,2129,921,1708709693.1497157
mouse,2129,921,1708709693.1517184
mouse,2128,921,1708709693.1542392
mouse,2128,922,1708709693.155257
mouse,2128,922,1708709693.1562583
mouse,2128,923,1708709693.1582558
mouse,2128,923,1708709693.1602547
mouse,2128,923,1708709693.1612546
mouse,2128,924,1708709693.1612546
mouse,2128,925,1708709693.1637669
mouse,2128,925,1708709693.1652737
mouse,2128,926,1708709693.1698563
mouse,2128,926,1708709693.1728675
mouse,2128,927,1708709693.1755962
mouse,2127,927,1708709693.1795926
mouse,2127,928,1708709693.1831038
mouse,2127,929,1708709693.1901112
mouse,2127,929,1708709693.1986997
